
LAYOUT POLYGON 2 0.0 2899.0 3250.0 3280.0 150 1
LAYOUT POLYGON 2 250.0 2400.0 3250.0 2899.0 150 1
LAYOUT POLYGON 2 2000.0 130.0 3250.0 2400.0 150 1
LAYOUT POLYGON 2 2324.0 0.0 3250.0 130.0 150 1



LAYOUT POLYGON 2 0.0 2899.0 3250.0 3280.0 150 2
LAYOUT POLYGON 2 250.0 2400.0 3250.0 2899.0 150 2
LAYOUT POLYGON 2 2000.0 130.0 3250.0 2400.0 150 2
LAYOUT POLYGON 2 2324.0 0.0 3250.0 130.0 150 2



LAYOUT POLYGON 2 0.0 2899.0 3250.0 3280.0 150 3
LAYOUT POLYGON 2 250.0 2400.0 3250.0 2899.0 150 3
LAYOUT POLYGON 2 2000.0 130.0 3250.0 2400.0 150 3
LAYOUT POLYGON 2 2324.0 0.0 3250.0 130.0 150 3



LAYOUT POLYGON 2 0.0 2899.0 3250.0 3280.0 150 4
LAYOUT POLYGON 2 250.0 2400.0 3250.0 2899.0 150 4
LAYOUT POLYGON 2 2000.0 130.0 3250.0 2400.0 150 4
LAYOUT POLYGON 2 2324.0 0.0 3250.0 130.0 150 4



LAYOUT POLYGON 2 0.0 2899.0 3250.0 3280.0 150 5
LAYOUT POLYGON 2 250.0 2400.0 3250.0 2899.0 150 5
LAYOUT POLYGON 2 2000.0 130.0 3250.0 2400.0 150 5
LAYOUT POLYGON 2 2324.0 0.0 3250.0 130.0 150 5



LAYOUT POLYGON 2 0.0 2899.0 3250.0 3280.0 150 6
LAYOUT POLYGON 2 250.0 2400.0 3250.0 2899.0 150 6
LAYOUT POLYGON 2 2000.0 130.0 3250.0 2400.0 150 6
LAYOUT POLYGON 2 2324.0 0.0 3250.0 130.0 150 6



LAYOUT POLYGON 2 0.0 2899.0 3250.0 3280.0 150 7
LAYOUT POLYGON 2 250.0 2400.0 3250.0 2899.0 150 7
LAYOUT POLYGON 2 2000.0 130.0 3250.0 2400.0 150 7
LAYOUT POLYGON 2 2324.0 0.0 3250.0 130.0 150 7



LAYOUT POLYGON 2 0.0 2899.0 3250.0 3280.0 150 8
LAYOUT POLYGON 2 250.0 2400.0 3250.0 2899.0 150 8
LAYOUT POLYGON 2 2000.0 130.0 3250.0 2400.0 150 8
LAYOUT POLYGON 2 2324.0 0.0 3250.0 130.0 150 8



LAYOUT POLYGON 2 0.0 2899.0 3250.0 3280.0 150 20
LAYOUT POLYGON 2 250.0 2400.0 3250.0 2899.0 150 20
LAYOUT POLYGON 2 2000.0 130.0 3250.0 2400.0 150 20
LAYOUT POLYGON 2 2324.0 0.0 3250.0 130.0 150 20



LAYOUT POLYGON 2 0.0 2899.0 3250.0 3280.0 150 21
LAYOUT POLYGON 2 250.0 2400.0 3250.0 2899.0 150 21
LAYOUT POLYGON 2 2000.0 130.0 3250.0 2400.0 150 21
LAYOUT POLYGON 2 2324.0 0.0 3250.0 130.0 150 21



